   4.17000    4.90000
   2.84000    3.83000
   0.45000    2.75000
   1.93000    0.44000
   3.80000    0.74000
   1.29000    0.34000
   2.32000    3.35000
   3.35000    4.16000
   0.79000    3.30000
   0.14000    3.85000
   4.15000    1.90000
   4.33000    2.29000
   3.12000    0.39000
   4.85000    1.06000
   3.71000    4.62000
   4.84000    2.57000
   1.06000    0.68000
   2.65000    2.30000
   2.57000    3.71000
   0.33000    0.36000
   4.49000    0.05000
   2.88000    2.24000
   2.03000    2.46000
   2.29000    1.87000
   3.97000    1.14000
   1.82000    1.36000
   3.41000    1.75000
   4.10000    2.52000
   2.13000    3.72000
   2.99000    3.02000
   0.25000    1.92000
   2.90000    0.30000
   4.57000    0.16000
   2.19000    2.09000
   2.35000    2.91000
   3.88000    1.27000
   0.67000    4.63000
   0.92000    4.52000
   2.79000    1.16000
   0.58000    0.84000
