   1.12437    0.68000
   4.57000    0.19149
   1.29000    0.49379
   3.16312    0.34925
   3.86793    0.21809
   1.93000    0.63429
   4.49000    0.05000
   0.33000    0.33661
   0.58000    0.84000
   0.55217    2.75000
   0.26526    0.36000
   0.48830    2.61106
   1.82000    1.36000
   1.42330    0.34000
   1.93000    0.44000
   0.28231    0.26937
   2.90000    0.25338
   5.40636    0.05000
   0.56780    2.75000
   0.45000    2.05203
   5.06196    0.10604
   0.33000    0.38982
   2.14028    1.36000
   4.49000    0.05529
   0.99172    0.47453
   1.29000    0.34000
   2.27400    0.19361
   1.29000    0.34000
   1.06000    0.59524
   2.90000    0.30000
   0.26744    2.75000
   0.50697    0.36000
   4.57000    0.14882
   4.57000    0.16000
   0.58000    0.66083
   0.58000    0.84000
   0.71773    0.44000
   5.33874    0.16000
   1.06000    0.68000
   2.34870    0.66449
