   0.37000    0.56000
   4.72000    1.84000
   2.94000    4.67000
   4.65000    1.93000
   3.09000    1.24000
   4.09000    3.25000
   0.59000    3.39000
   2.50000    0.83000
   4.46000    2.85000
   2.33000    1.89000
   2.22000    4.85000
   3.31000    3.91000
   3.05000    1.32000
   4.21000    3.23000
   0.03000    4.29000
   4.30000    0.25000
   3.52000    1.71000
   0.99000    2.64000
   4.34000    4.69000
   1.45000    3.61000
   1.87000    0.52000
   3.99000    1.65000
   3.17000    4.77000
   0.78000    3.51000
   0.18000    0.61000
   4.14000    4.50000
   0.91000    3.79000
   2.02000    2.32000
   0.17000    2.22000
   2.72000    1.69000
   2.77000    0.86000
   4.18000    1.72000
   2.11000    0.91000
   4.56000    1.39000
   4.71000    1.58000
   0.50000    4.66000
   2.16000    3.84000
   0.43000    0.68000
   3.74000    2.92000
   1.57000    1.20000
