   2.17000    3.68000   51.24437
   1.79000    1.63000   34.92283
   0.78000    4.84000   44.18772
   4.90000    0.76000   42.89140
   0.88000    1.12000   29.61952
   4.30000    4.48000   81.17860
   4.64000    2.90000   70.36048
   4.01000    4.20000   74.75813
   4.39000    4.52000   82.87493
   2.06000    4.83000   54.87638
   0.74000    1.86000   34.74308
   0.99000    3.94000   44.30373
   4.00000    3.31000   66.79690
   1.40000    2.33000   38.98210
   4.69000    4.21000   84.85363
   2.95000    4.10000   60.97325
   3.01000    2.71000   51.19123
   2.56000    1.92000   40.79968
   3.11000    2.80000   52.83973
   2.62000    1.84000   40.35172
