3.599999999999999867e-01 2.629999999999999893e+00
3.229999999999999982e+00 3.419999999999999929e+00
2.300000000000000100e-01 9.100000000000000311e-01
1.100000000000000089e+00 1.270000000000000018e+00
4.770000000000000462e+00 2.680000000000000160e+00
4.330000000000000071e+00 2.850000000000000089e+00
2.030000000000000249e+00 3.850000000000000089e+00
2.510000000000000231e+00 1.919999999999999929e+00
3.750000000000000000e+00 4.870000000000000107e+00
6.500000000000000222e-01 1.860000000000000098e+00
1.830000000000000071e+00 7.900000000000000355e-01
3.149999999999999911e+00 1.000000000000000056e-01
3.609999999999999876e+00 2.959999999999999964e+00
1.570000000000000062e+00 2.660000000000000142e+00
1.080000000000000071e+00 8.699999999999999956e-01
7.399999999999999911e-01 3.919999999999999929e+00
2.490000000000000213e+00 1.949999999999999956e+00
2.689999999999999947e+00 2.939999999999999947e+00
1.469999999999999973e+00 3.760000000000000231e+00
1.700000000000000122e-01 3.900000000000000133e-01
